
1. 
(a)

  i  | values[i] | values[i-1] | count 
---------------------------------------
  -  |     -     |      -      |   0
  0  |     4     |      1      |   0
  1  |     7     |      4      |   0
  2  |     3     |      7      |   1
  3  |     5     |      3      |   1
  4  |     8     |      5      |   1
  5  |     1     |      8      |   2
     |           |             |

(b)
the output = 2

2.

 x   | range(2, x) |  y  | value printed
----------------------------------------
  3  | [2]         |  2  | 5            
  4  | [2, 3]      |  2  | 6
  4  | [2, 3]      |  3  | 7
  5  | [2, 3, 4]   |  2  | 7
  5  | [2, 3, 4]   |  3  | 8
  5  | [2, 3, 4]   |  4  | 9
     |             |     | 5 4 

3. 

  a  |  b  | value printed
--------------------------
  8  |  3  | 8 3
  5  |  2  |  7
  3  |  1  |  4
  2  |  0  |  2
     |     |
